meta:
  description: Example readout amplitudes for 64Q-HF chip
data:
  Q00: 0.119815
  Q01: 0.121878
  Q02: 0.163758
  Q03: 0.095428
  Q04: 0.185075
  Q05: 0.023426
  Q06: 0.089146
  Q07: 0.162611
  Q08: 0.085607
  Q09: 0.181053
  Q10: 0.086348
  Q11: 0.133771
  Q12: 0.022271
  Q13: 0.128427
  Q14: 0.089631
  Q15: 0.173711
  Q16: 0.152178
  Q17: 0.08694
  Q18: 0.076194
  Q19: 0.074673
  Q20: 0.053771
  Q21: 0.134004
  Q22: 0.034765
  Q23: 0.032101
  Q24: 0.024995
  Q25: 0.05027
  Q26: 0.068537
  Q27: 0.044357
  Q28: 0.151097
  Q29: 0.138596
  Q30: 0.141739
  Q31: 0.070911
  Q32: 0.060474
  Q33: 0.105498
  Q34: 0.146339
  Q35: 0.045549
  Q36: 0.108924
  Q37: 0.035485
  Q38: 0.188161
  Q39: 0.174531
  Q40: 0.196538
  Q41: 0.074509
  Q42: 0.108302
  Q43: 0.198809
  Q44: 0.182936
  Q45: 0.177932
  Q46: 0.17252
  Q47: 0.135114
  Q48: 0.064873
  Q49: 0.048714
  Q50: 0.189787
  Q51: 0.098644
  Q52: 0.162718
  Q53: 0.024552
  Q54: 0.110745
  Q55: 0.167712
  Q56: 0.054822
  Q57: 0.159282
  Q58: 0.19207
  Q59: 0.185919
  Q60: 0.097878
  Q61: 0.133809
  Q62: 0.05683
  Q63: 0.138352
