64Q:
  control_amplitude:
    # MUX00
    Q00: 0.03386
    Q01: 0.03715
    Q02: 0.02852
    Q03: 0.03015
    # MUX01
    Q04: 0.04
    Q05: 0.04
    Q06: 0.04
    Q07: 0.04
    # MUX02
    Q08: 0.04
    Q09: 0.04
    Q10: 0.04
    Q11: 0.04
    # MUX03
    Q12: 0.04
    Q13: 0.09793
    Q14: 0.09294
    Q15: 0.07308
    # MUX04
    Q16: 0.03418
    Q17: 0.03122
    Q18: 0.04643
    Q19: 0.03098
    # MUX05
    Q20: 0.02051
    Q21: 0.02945
    Q22: 0.03781
    Q23: 0.02920
    # MUX06
    Q24: 0.04
    Q25: 0.04
    Q26: 0.04
    Q27: 0.04
    # MUX07
    Q28: 0.04
    Q29: 0.09793
    Q30: 0.09294
    Q31: 0.07308
    # MUX08
    Q32: 0.03386
    Q33: 0.03715
    Q34: 0.02852
    Q35: 0.03015
    # MUX09
    Q36: 0.04
    Q37: 0.04
    Q38: 0.04
    Q39: 0.04
    # MUX10
    Q40: 0.04
    Q41: 0.04
    Q42: 0.04
    Q43: 0.04
    # MUX11
    Q44: 0.04
    Q45: 0.09793
    Q46: 0.09294
    Q47: 0.07308
    # MUX12
    Q48: 0.03386
    Q49: 0.03715
    Q50: 0.02852
    Q51: 0.03015
    # MUX13
    Q52: 0.01468
    Q53: 0.02387
    Q54: 0.02933
    Q55: 0.02933
    # MUX14
    Q56: 0.04
    Q57: 0.04
    Q58: 0.04
    Q59: 0.04
    # MUX15
    Q60: 0.04
    Q61: 0.09793
    Q62: 0.09294
    Q63: 0.07308

  readout_amplitude:
    # MUX00
    Q00: 0.03386
    Q01: 0.03715
    Q02: 0.02852
    Q03: 0.03015
    # MUX01
    Q04: 0.04
    Q05: 0.04
    Q06: 0.04
    Q07: 0.04
    # MUX02
    Q08: 0.04
    Q09: 0.04
    Q10: 0.04
    Q11: 0.04
    # MUX03
    Q12: 0.04
    Q13: 0.09793
    Q14: 0.09294
    Q15: 0.07308
    # MUX04
    Q16: 0.15
    Q17: 0.15
    Q18: 0.15
    Q19: 0.15
    # MUX05
    Q20: 0.15
    Q21: 0.15
    Q22: 0.15
    Q23: 0.15
    # MUX06
    Q24: 0.04
    Q25: 0.04
    Q26: 0.04
    Q27: 0.04
    # MUX07
    Q28: 0.04
    Q29: 0.09793
    Q30: 0.09294
    Q31: 0.07308
    # MUX08
    Q32: 0.03386
    Q33: 0.03715
    Q34: 0.02852
    Q35: 0.03015
    # MUX09
    Q36: 0.04
    Q37: 0.04
    Q38: 0.04
    Q39: 0.04
    # MUX10
    Q40: 0.04
    Q41: 0.04
    Q42: 0.04
    Q43: 0.04
    # MUX11
    Q44: 0.04
    Q45: 0.09793
    Q46: 0.09294
    Q47: 0.07308
    # MUX12
    Q48: 0.03386
    Q49: 0.03715
    Q50: 0.02852
    Q51: 0.03015
    # MUX13
    Q52: 0.1
    Q53: 0.1
    Q54: 0.1
    Q55: 0.1
    # MUX14
    Q56: 0.04
    Q57: 0.04
    Q58: 0.04
    Q59: 0.04
    # MUX15
    Q60: 0.04
    Q61: 0.09793
    Q62: 0.09294
    Q63: 0.07308

  control_vatt:
    # MUX00
    Q00: 2048
    Q01: 2048
    Q02: 2048
    Q03: 2048
    # MUX01
    Q04: 2048
    Q05: 2048
    Q06: 2048
    Q07: 2048
    # MUX02
    Q08: 2048
    Q09: 2048
    Q10: 2048
    Q11: 2048
    # MUX03
    Q12: 2048
    Q13: 2048
    Q14: 2048
    Q15: 2048
    # MUX04
    Q16: 2048
    Q17: 2048
    Q18: 2048
    Q19: 2048
    # MUX05
    Q20: 2048
    Q21: 2048
    Q22: 2048
    Q23: 2048
    # MUX06
    Q24: 2048
    Q25: 2048
    Q26: 2048
    Q27: 2048
    # MUX07
    Q28: 2048
    Q29: 2048
    Q30: 2048
    Q31: 2048
    # MUX08
    Q32: 2048
    Q33: 2048
    Q34: 2048
    Q35: 2048
    # MUX09
    Q36: 2048
    Q37: 2048
    Q38: 2048
    Q39: 2048
    # MUX10
    Q40: 2048
    Q41: 2048
    Q42: 2048
    Q43: 2048
    # MUX11
    Q44: 2048
    Q45: 2048
    Q46: 2048
    Q47: 2048
    # MUX12
    Q48: 2048
    Q49: 2048
    Q50: 2048
    Q51: 2048
    # MUX13
    Q52: 2048
    Q53: 2048
    Q54: 2048
    Q55: 2048
    # MUX14
    Q56: 2048
    Q57: 2048
    Q58: 2048
    Q59: 2048
    # MUX15
    Q60: 2048
    Q61: 2048
    Q62: 2048
    Q63: 2048

  readout_vatt:
    # MUX
    0: 2048
    1: 2048
    2: 2048
    3: 2048
    4: 2048
    5: 2048
    6: 2048
    7: 2048
    8: 2048
    9: 2048
    10: 2048
    11: 2048
    12: 2048
    13: 2048
    14: 2048
    15: 2048
