meta:
  description: Example control amplitudes for 144Q-LF chip
data:
  Q000: 0.117587
  Q001: 0.119708
  Q002: 0.162751
  Q003: 0.092523
  Q004: 0.18466
  Q005: 0.018521
  Q006: 0.086066
  Q007: 0.161573
  Q008: 0.082429
  Q009: 0.180527
  Q010: 0.083191
  Q011: 0.131931
  Q012: 0.017334
  Q013: 0.126439
  Q014: 0.086565
  Q015: 0.17298
  Q016: 0.15085
  Q017: 0.0838
  Q018: 0.072755
  Q019: 0.071192
  Q020: 0.049709
  Q021: 0.13217
  Q022: 0.030175
  Q023: 0.027437
  Q024: 0.020133
  Q025: 0.046111
  Q026: 0.064886
  Q027: 0.040034
  Q028: 0.149738
  Q029: 0.13689
  Q030: 0.140121
  Q031: 0.067325
  Q032: 0.056598
  Q033: 0.102872
  Q034: 0.144849
  Q035: 0.041259
  Q036: 0.106394
  Q037: 0.030915
  Q038: 0.187832
  Q039: 0.173823
  Q040: 0.196442
  Q041: 0.071023
  Q042: 0.105754
  Q043: 0.198776
  Q044: 0.182462
  Q045: 0.177319
  Q046: 0.171757
  Q047: 0.133311
  Q048: 0.061119
  Q049: 0.044512
  Q050: 0.189504
  Q051: 0.095829
  Q052: 0.161682
  Q053: 0.019678
  Q054: 0.108265
  Q055: 0.166816
  Q056: 0.050789
  Q057: 0.158151
  Q058: 0.191849
  Q059: 0.185527
  Q060: 0.095041
  Q061: 0.13197
  Q062: 0.052853
  Q063: 0.13664
  Q064: 0.117587
  Q065: 0.119708
  Q066: 0.162751
  Q067: 0.092523
  Q068: 0.18466
  Q069: 0.018521
  Q070: 0.086066
  Q071: 0.161573
  Q072: 0.082429
  Q073: 0.180527
  Q074: 0.083191
  Q075: 0.131931
  Q076: 0.017334
  Q077: 0.126439
  Q078: 0.086565
  Q079: 0.17298
  Q080: 0.15085
  Q081: 0.0838
  Q082: 0.072755
  Q083: 0.071192
  Q084: 0.049709
  Q085: 0.13217
  Q086: 0.030175
  Q087: 0.027437
  Q088: 0.020133
  Q089: 0.046111
  Q090: 0.064886
  Q091: 0.040034
  Q092: 0.149738
  Q093: 0.13689
  Q094: 0.140121
  Q095: 0.067325
  Q096: 0.056598
  Q097: 0.102872
  Q098: 0.144849
  Q099: 0.041259
  Q100: 0.106394
  Q101: 0.030915
  Q102: 0.187832
  Q103: 0.173823
  Q104: 0.196442
  Q105: 0.071023
  Q106: 0.105754
  Q107: 0.198776
  Q108: 0.182462
  Q109: 0.177319
  Q110: 0.171757
  Q111: 0.133311
  Q112: 0.061119
  Q113: 0.044512
  Q114: 0.189504
  Q115: 0.095829
  Q116: 0.161682
  Q117: 0.019678
  Q118: 0.108265
  Q119: 0.166816
  Q120: 0.050789
  Q121: 0.158151
  Q122: 0.191849
  Q123: 0.185527
  Q124: 0.095041
  Q125: 0.13197
  Q126: 0.052853
  Q127: 0.13664
  Q128: 0.117587
  Q129: 0.119708
  Q130: 0.162751
  Q131: 0.092523
  Q132: 0.18466
  Q133: 0.018521
  Q134: 0.086066
  Q135: 0.161573
  Q136: 0.082429
  Q137: 0.180527
  Q138: 0.083191
  Q139: 0.131931
  Q140: 0.017334
  Q141: 0.126439
  Q142: 0.086565
  Q143: 0.17298
