# Example control amplitude configuration file.
#
# Format
# ------
# meta:
#   description: <description>
# data:
#   <qubit_label>: <amplitude>
#
# Fields
# ------
# description : str
#     Human-readable description of this parameter section.
# qubit_label : str
#     Qubit label with zero padding determined by n_qubits.
#     Example: n_qubits=64 -> Q00..Q63, n_qubits=144 -> Q000..Q143.
# amplitude : float
#     Control amplitude associated with each qubit.


meta:
  description: Example control amplitudes for 64Q chip

data:
  # MUX00
  Q00: 0.117587
  Q01: 0.119708
  Q02: 0.162751
  Q03: 0.092523
  # MUX01
  Q04: 0.184660
  Q05: 0.018521
  Q06: 0.086066
  Q07: 0.161573
  # MUX02
  Q08: 0.082429
  Q09: 0.180527
  Q10: 0.083191
  Q11: 0.131931
  # MUX03
  Q12: 0.017334
  Q13: 0.126439
  Q14: 0.086565
  Q15: 0.172980
  # MUX04
  Q16: 0.150850
  Q17: 0.083800
  Q18: 0.072755
  Q19: 0.071192
  # MUX05
  Q20: 0.049709
  Q21: 0.132170
  Q22: 0.030175
  Q23: 0.027437
  # MUX06
  Q24: 0.020133
  Q25: 0.046111
  Q26: 0.064886
  Q27: 0.040034
  # MUX07
  Q28: 0.149738
  Q29: 0.136890
  Q30: 0.140121
  Q31: 0.067325
  # MUX08
  Q32: 0.056598
  Q33: 0.102872
  Q34: 0.144849
  Q35: 0.041259
  # MUX09
  Q36: 0.106394
  Q37: 0.030915
  Q38: 0.187832
  Q39: 0.173823
  # MUX10
  Q40: 0.196442
  Q41: 0.071023
  Q42: 0.105754
  Q43: 0.198776
  # MUX11
  Q44: 0.182462
  Q45: 0.177319
  Q46: 0.171757
  Q47: 0.133311
  # MUX12
  Q48: 0.061119
  Q49: 0.044512
  Q50: 0.189504
  Q51: 0.095829
  # MUX13
  Q52: 0.161682
  Q53: 0.019678
  Q54: 0.108265
  Q55: 0.166816
  # MUX14
  Q56: 0.050789
  Q57: 0.158151
  Q58: 0.191849
  Q59: 0.185527
  # MUX15
  Q60: 0.095041
  Q61: 0.131970
  Q62: 0.052853
  Q63: 0.136640
