meta:
  description: Example readout amplitudes for 144Q-LF chip
data:
  Q000: 0.119815
  Q001: 0.121878
  Q002: 0.163758
  Q003: 0.095428
  Q004: 0.185075
  Q005: 0.023426
  Q006: 0.089146
  Q007: 0.162611
  Q008: 0.085607
  Q009: 0.181053
  Q010: 0.086348
  Q011: 0.133771
  Q012: 0.022271
  Q013: 0.128427
  Q014: 0.089631
  Q015: 0.173711
  Q016: 0.152178
  Q017: 0.08694
  Q018: 0.076194
  Q019: 0.074673
  Q020: 0.053771
  Q021: 0.134004
  Q022: 0.034765
  Q023: 0.032101
  Q024: 0.024995
  Q025: 0.05027
  Q026: 0.068537
  Q027: 0.044357
  Q028: 0.151097
  Q029: 0.138596
  Q030: 0.141739
  Q031: 0.070911
  Q032: 0.060474
  Q033: 0.105498
  Q034: 0.146339
  Q035: 0.045549
  Q036: 0.108924
  Q037: 0.035485
  Q038: 0.188161
  Q039: 0.174531
  Q040: 0.196538
  Q041: 0.074509
  Q042: 0.108302
  Q043: 0.198809
  Q044: 0.182936
  Q045: 0.177932
  Q046: 0.17252
  Q047: 0.135114
  Q048: 0.064873
  Q049: 0.048714
  Q050: 0.189787
  Q051: 0.098644
  Q052: 0.162718
  Q053: 0.024552
  Q054: 0.110745
  Q055: 0.167712
  Q056: 0.054822
  Q057: 0.159282
  Q058: 0.19207
  Q059: 0.185919
  Q060: 0.097878
  Q061: 0.133809
  Q062: 0.05683
  Q063: 0.138352
  Q064: 0.119815
  Q065: 0.121878
  Q066: 0.163758
  Q067: 0.095428
  Q068: 0.185075
  Q069: 0.023426
  Q070: 0.089146
  Q071: 0.162611
  Q072: 0.085607
  Q073: 0.181053
  Q074: 0.086348
  Q075: 0.133771
  Q076: 0.022271
  Q077: 0.128427
  Q078: 0.089631
  Q079: 0.173711
  Q080: 0.152178
  Q081: 0.08694
  Q082: 0.076194
  Q083: 0.074673
  Q084: 0.053771
  Q085: 0.134004
  Q086: 0.034765
  Q087: 0.032101
  Q088: 0.024995
  Q089: 0.05027
  Q090: 0.068537
  Q091: 0.044357
  Q092: 0.151097
  Q093: 0.138596
  Q094: 0.141739
  Q095: 0.070911
  Q096: 0.060474
  Q097: 0.105498
  Q098: 0.146339
  Q099: 0.045549
  Q100: 0.108924
  Q101: 0.035485
  Q102: 0.188161
  Q103: 0.174531
  Q104: 0.196538
  Q105: 0.074509
  Q106: 0.108302
  Q107: 0.198809
  Q108: 0.182936
  Q109: 0.177932
  Q110: 0.17252
  Q111: 0.135114
  Q112: 0.064873
  Q113: 0.048714
  Q114: 0.189787
  Q115: 0.098644
  Q116: 0.162718
  Q117: 0.024552
  Q118: 0.110745
  Q119: 0.167712
  Q120: 0.054822
  Q121: 0.159282
  Q122: 0.19207
  Q123: 0.185919
  Q124: 0.097878
  Q125: 0.133809
  Q126: 0.05683
  Q127: 0.138352
  Q128: 0.119815
  Q129: 0.121878
  Q130: 0.163758
  Q131: 0.095428
  Q132: 0.185075
  Q133: 0.023426
  Q134: 0.089146
  Q135: 0.162611
  Q136: 0.085607
  Q137: 0.181053
  Q138: 0.086348
  Q139: 0.133771
  Q140: 0.022271
  Q141: 0.128427
  Q142: 0.089631
  Q143: 0.173711
