# Example readout amplitude configuration file.
#
# Format
# ------
# meta:
#   description: <description>
# data:
#   <qubit_label>: <amplitude>
#
# Fields
# ------
# description : str
#     Human-readable description of this parameter section.
# qubit_label : str
#     Qubit label with zero padding determined by n_qubits.
#     Example: n_qubits=64 -> Q00..Q63, n_qubits=144 -> Q000..Q143.
# amplitude : float
#     Readout amplitude associated with each qubit.


meta:
  description: Example readout amplitudes for 64Q chip

data:
  # MUX00
  Q00: 0.119815
  Q01: 0.121878
  Q02: 0.163758
  Q03: 0.095428
  # MUX01
  Q04: 0.185075
  Q05: 0.023426
  Q06: 0.089146
  Q07: 0.162611
  # MUX02
  Q08: 0.085607
  Q09: 0.181053
  Q10: 0.086348
  Q11: 0.133771
  # MUX03
  Q12: 0.022271
  Q13: 0.128427
  Q14: 0.089631
  Q15: 0.173711
  # MUX04
  Q16: 0.152178
  Q17: 0.086940
  Q18: 0.076194
  Q19: 0.074673
  # MUX05
  Q20: 0.053771
  Q21: 0.134004
  Q22: 0.034765
  Q23: 0.032101
  # MUX06
  Q24: 0.024995
  Q25: 0.050270
  Q26: 0.068537
  Q27: 0.044357
  # MUX07
  Q28: 0.151097
  Q29: 0.138596
  Q30: 0.141739
  Q31: 0.070911
  # MUX08
  Q32: 0.060474
  Q33: 0.105498
  Q34: 0.146339
  Q35: 0.045549
  # MUX09
  Q36: 0.108924
  Q37: 0.035485
  Q38: 0.188161
  Q39: 0.174531
  # MUX10
  Q40: 0.196538
  Q41: 0.074509
  Q42: 0.108302
  Q43: 0.198809
  # MUX11
  Q44: 0.182936
  Q45: 0.177932
  Q46: 0.172520
  Q47: 0.135114
  # MUX12
  Q48: 0.064873
  Q49: 0.048714
  Q50: 0.189787
  Q51: 0.098644
  # MUX13
  Q52: 0.162718
  Q53: 0.024552
  Q54: 0.110745
  Q55: 0.167712
  # MUX14
  Q56: 0.054822
  Q57: 0.159282
  Q58: 0.192070
  Q59: 0.185919
  # MUX15
  Q60: 0.097878
  Q61: 0.133809
  Q62: 0.056830
  Q63: 0.138352
